# Created by Octave 3.6.4, Wed Oct 30 21:52:01 2013 PDT <gmaggess@gmaggess-mbp>
# name: a
# type: scalar
3


# name: b
# type: scalar
4


